0 0.6864508390426636 0.9348827600479126 0.14459283649921417 0.13023443520069122
0 0.5087755918502808 0.37674829363822937 0.04990830272436142 0.08342574536800385
0 0.5631889700889587 0.3786773681640625 0.04569295793771744 0.08491427451372147
0 0.6178902983665466 0.376101016998291 0.045440673828125 0.08300413936376572
0 0.889621376991272 0.9259169697761536 0.016496194526553154 0.05818047747015953
0 0.3818139433860779 0.776735782623291 0.1341734528541565 0.21772147715091705
0 0.009337402880191803 0.805399477481842 0.018380356952548027 0.12002741545438766
0 0.3731982111930847 0.49401041865348816 0.09652115404605865 0.18932600319385529
0 0.18693923950195312 0.3732943832874298 0.07851765304803848 0.0859481617808342
0 0.2877782881259918 0.6686968803405762 0.12683825194835663 0.1392132192850113
0 0.13216441869735718 0.5319559574127197 0.08294300734996796 0.09351315349340439
0 0.6599729657173157 0.7765825390815735 0.08638688176870346 0.08707835525274277
0 0.51352459192276 0.7174385190010071 0.0984242781996727 0.16862566769123077
